,rocket
0,0.19010662015423624
1,0.18357412201344359
2,0.17685859501845258
3,0.17490100657519841
4,0.17610840766798985
5,0.18558809815862493
6,0.22406455941464637
7,0.19036168275772475
8,0.2281670589552924
9,0.18801283997087365
10,0.1917991800582715
11,0.1987513821435098
12,0.1753013246215583
13,0.19078077017906747
14,0.2502163176043653
15,0.17723508484511166
16,0.24681182713662025
17,0.23049399030714113
18,0.1871181137677097
19,0.19200691334460246
20,0.19605059161951538
21,0.18324618080969535
22,0.21209493726989365
23,0.21189739858691625
24,0.21494305131846145
25,0.20043971567130955
26,0.19669260285972995
27,0.20410077102416668
28,0.19889544614655685
29,0.19793215052154972
30,0.19574370702360885
31,0.19334767292224336
32,0.18600361536752863
33,0.18359349679581474
34,0.1772767075867488
35,0.1839874766307499
36,0.1824743183179684
37,0.18079405403952148
38,0.1802511453242899
39,0.18042792469102806
40,0.17925556150461625
41,0.17888214010882159
42,0.17968752884203318
43,0.17970067659733185
44,0.1791091715377642
45,0.1796821993352088
46,0.182143316697689
47,0.18152365708091356
48,0.1850393471976092
49,0.18898621891463402
50,0.2053306594922884
51,0.19177088514479873
52,0.21486833550053808
53,0.22111306771298303
54,0.2258852473327898
55,0.22463442028520178
56,0.237721205898088
57,0.23696075665699057
58,0.2351150762607736
59,0.2415219502332298
60,0.2396277188502145
61,0.24378716513847898
62,0.2422468969408031
63,0.240651976873946
64,0.24042532278703585
65,0.24198839203232814
66,0.24155188320021515
67,0.24030696529338458
68,0.24039999312592455
69,0.2405939955650486
70,0.23936013958431143
71,0.24018910796412596
72,0.2396861253978609
73,0.23883680283801612
74,0.2365772365832594
75,0.23186418610612242
76,0.22581250192794544
77,0.21950434458889673
78,0.21129234539094924
79,0.20108035440312
80,0.19492900668827925
81,0.18816058921529846
82,0.18429929498439623
83,0.18117100837146127
84,0.1815827612709808
85,0.18219315736957284
86,0.1830451959576897
87,0.18413270015900993
88,0.18346616106396021
89,0.1839213337835065
90,0.18479206898229572
91,0.1843797303218663
92,0.18426442455800135
93,0.18486768676467202
94,0.18401536213310324
95,0.1838440789072131
96,0.18249106759631198
97,0.18132319041744374
98,0.18088480308982458
99,0.1813233670436478
